positive/1645211441.002444.png 1 202 385 169 175
positive/1645211442.674283.png 1 202 385 169 175
positive/1645211444.8842208.png 1 202 385 169 175
positive/1645211445.266922.png 1 202 385 169 175
positive/1645211445.6400592.png 1 202 385 169 175
positive/1645211446.0174017.png 1 202 385 169 175
positive/1645211446.386047.png 1 202 385 169 175
positive/1645211446.7849872.png 1 202 385 169 175
positive/1645211447.2459228.png 1 202 385 169 175
positive/1645211447.63831.png 1 202 385 169 175
positive/1645211447.9863245.png 1 202 385 169 175
positive/1645211448.2448661.png 1 202 385 169 175
positive/1645211448.5043316.png 1 202 385 169 175
positive/1645211448.7742157.png 1 202 385 169 175
positive/1645211449.0590568.png 1 202 385 169 175
positive/1645211449.319771.png 1 202 385 169 175
positive/1645211449.5819383.png 1 202 385 169 175
positive/1645211450.0139253.png 1 202 385 169 175
positive/1645211450.273046.png 1 202 385 169 175
positive/1645211450.5304759.png 1 202 385 169 175
positive/1645211450.902637.png 1 202 385 169 175
positive/1645211451.1650505.png 1 202 385 169 175
positive/1645211451.5037563.png 1 202 385 169 175
positive/1645211451.76325.png 1 202 385 169 175
positive/1645211452.0205185.png 1 202 385 169 175
positive/1645211452.349259.png 1 202 385 169 175
positive/1645211452.6146176.png 1 202 385 169 175
positive/1645211452.9132073.png 1 202 385 169 175
positive/1645211453.178129.png 1 202 385 169 175
positive/1645211453.5179503.png 1 202 385 169 175
positive/1645211453.7869391.png 1 202 385 169 175
positive/1645211454.1112614.png 1 202 385 169 175
positive/1645211454.3729618.png 1 202 385 169 175
positive/1645211454.7106562.png 1 202 385 169 175
positive/1645211454.9804797.png 1 202 385 169 175
positive/1645211455.2627041.png 1 202 385 169 175
positive/1645211455.5428417.png 1 202 385 169 175
positive/1645211455.809194.png 1 202 385 169 175
positive/1645211456.1544542.png 1 202 385 169 175
positive/1645211456.4108887.png 1 202 385 169 175
positive/1645211456.6723492.png 1 202 385 169 175
positive/1645211456.9277885.png 1 202 385 169 175
positive/1645211457.2392058.png 1 202 385 169 175
positive/1645211457.5031545.png 1 202 385 169 175
positive/1645211457.806113.png 1 202 385 169 175
positive/1645211458.0737643.png 1 202 385 169 175
positive/1645211458.388993.png 1 202 385 169 175
positive/1645211458.6544435.png 1 202 385 169 175
positive/1645211458.9721859.png 1 202 385 169 175
positive/1645211459.242747.png 1 202 385 169 175
positive/1645211459.5089507.png 1 202 385 169 175
positive/1645211459.8273098.png 1 202 385 169 175
positive/1645211460.1771188.png 1 202 385 169 175
positive/1645211460.519993.png 1 202 385 169 175
positive/1645211460.8370712.png 1 202 385 169 175
positive/1645211461.1001716.png 1 202 385 169 175
positive/1645211461.38686.png 1 202 385 169 175
positive/1645211461.7663152.png 1 202 385 169 175
positive/1645211462.0291133.png 1 202 385 169 175
positive/1645211462.4630332.png 1 202 385 169 175
positive/1645211462.7355084.png 1 202 385 169 175
positive/1645211463.0630848.png 1 202 385 169 175
positive/1645211463.403982.png 1 202 385 169 175
positive/1645211463.6704237.png 1 202 385 169 175
positive/1645211463.9427562.png 1 202 385 169 175
positive/1645211464.2959764.png 1 202 385 169 175
positive/1645211464.5611682.png 1 202 385 169 175
positive/1645211464.8400483.png 1 202 385 169 175
positive/1645211465.1054714.png 1 202 385 169 175
positive/1645211465.4229991.png 1 202 385 169 175
positive/1645211465.6893995.png 1 202 385 169 175
positive/1645211465.9578824.png 1 202 385 169 175
positive/1645211466.2762153.png 1 202 385 169 175
positive/1645211466.6340427.png 1 202 385 169 175
positive/1645211466.980123.png 1 202 385 169 175
positive/1645211467.321458.png 1 202 385 169 175
positive/1645211467.6442811.png 1 202 385 169 175
positive/1645211467.9814267.png 1 202 385 169 175
positive/1645211468.3287635.png 1 202 385 169 175
positive/1645211468.6982079.png 1 202 385 169 175
positive/1645211469.0503507.png 1 202 385 169 175
positive/1645211469.3128238.png 1 202 385 169 175
positive/1645211469.6108215.png 1 202 385 169 175
positive/1645211469.8805296.png 1 202 385 169 175
positive/1645211470.1514344.png 1 202 385 169 175
positive/1645211470.5157473.png 1 202 385 169 175
positive/1645211470.7786272.png 1 202 385 169 175
positive/1645211471.135877.png 1 202 385 169 175
positive/1645211471.4027102.png 1 202 385 169 175
positive/1645211473.4321456.png 1 202 385 169 175
positive/1645211476.2290537.png 1 202 385 169 175
positive/1645211478.3511496.png 1 202 385 169 175
positive/1645211478.6381848.png 1 202 385 169 175
positive/1645211478.8967762.png 1 202 385 169 175
positive/1645211479.1536272.png 1 202 385 169 175
positive/1645211479.5782206.png 1 202 385 169 175
positive/1645211479.8499215.png 1 202 385 169 175
positive/1645211480.1626914.png 1 202 385 169 175
positive/1645211480.4183927.png 1 202 385 169 175
positive/1645211480.686194.png 1 202 385 169 175
positive/1645211480.989299.png 1 202 385 169 175
positive/1645211486.3701756.png 1 202 385 169 175
positive/1645211486.6239202.png 1 202 385 169 175
positive/1645211486.8757775.png 1 202 385 169 175
positive/1645211487.2213035.png 1 202 385 169 175
positive/1645211487.6162753.png 1 202 385 169 175
positive/1645211487.8764946.png 1 202 385 169 175
positive/1645211488.185898.png 1 202 385 169 175
positive/1645211488.5347426.png 1 202 385 169 175
positive/1645211488.877684.png 1 202 385 169 175
positive/1645211489.138287.png 1 202 385 169 175
positive/1645211489.4217982.png 1 202 385 169 175
positive/1645211489.766979.png 1 202 385 169 175
positive/1645211490.9419205.png 1 202 385 169 175
positive/1645211491.5180755.png 1 202 385 169 175
positive/1645211491.777514.png 1 202 385 169 175
positive/1645211492.0583851.png 1 202 385 169 175
positive/1645211492.312337.png 1 202 385 169 175
positive/1645211492.603268.png 1 202 385 169 175
positive/1645211492.962727.png 1 202 385 169 175
positive/1645211493.3371484.png 1 202 385 169 175
positive/1645211493.6869953.png 1 202 385 169 175
positive/1645211494.037365.png 1 202 385 169 175
positive/1645211494.3940222.png 1 202 385 169 175
positive/1645211494.653055.png 1 202 385 169 175
positive/1645211494.9649851.png 1 202 385 169 175
positive/1645211495.3033082.png 1 202 385 169 175
positive/1645211495.5766761.png 1 202 385 169 175
positive/1645211495.8687744.png 1 202 385 169 175
positive/1645211496.1267474.png 1 202 385 169 175
positive/1645211496.4617515.png 1 202 385 169 175
positive/1645211496.7128491.png 1 202 385 169 175
positive/1645211497.952039.png 1 202 385 169 175
positive/1645211498.5522673.png 1 202 385 169 175
positive/1645211499.3098924.png 1 202 385 169 175
positive/1645211499.6590965.png 1 202 385 169 175
positive/1645211499.9185748.png 1 202 385 169 175
positive/1645211500.2118793.png 1 202 385 169 175
positive/1645211500.4753788.png 1 202 385 169 175
positive/1645211500.77832.png 1 202 385 169 175
positive/1645211501.049698.png 1 202 385 169 175
positive/1645211501.6420982.png 1 202 385 169 175
positive/1645211501.8933363.png 1 202 385 169 175
positive/1645211502.2515423.png 1 202 385 169 175
positive/1645211502.5183916.png 1 202 385 169 175
positive/1645211502.858186.png 1 202 385 169 175
positive/1645211503.13049.png 1 202 385 169 175
positive/1645211503.4070408.png 1 202 385 169 175
positive/1645211503.7581367.png 1 202 385 169 175
positive/1645211504.0185764.png 1 202 385 169 175
positive/1645211504.321152.png 1 202 385 169 175
positive/1645211504.669475.png 1 202 385 169 175
positive/1645211797.8296018.png 1 202 385 169 175
positive/1645211817.1720438.png 1 202 385 169 175
positive/1645212323.3937225.png 1 202 385 169 175
positive/1645212328.3894024.png 1 202 385 169 175
positive/1645212333.907573.png 1 202 385 169 175
positive/1645212334.4439745.png 1 202 385 169 175
positive/1645212336.2777226.png 1 202 385 169 175
